110 72 71 115 73 94 107 93 117 76 96 112 102 113 90 82 89 84 116 87 74 77 92 75 78 79 80 83 86 105 81 85 88 106 91 95 97 98 109 99 111 100 101 103 104 108 114 
94 34 74 229 164 89 199 39 194 149 44 169 49 119 209 204 159 144 214 54 59 224 114 64 99 79 69 174 129 134 139 179 84 104 154 109 124 184 189 219 
40 19 31 79 37 58 94 70 22 25 97 28 34 43 88 46 76 85 52 49 55 91 61 64 67 73 82 100 
118 107 110 91 92 121 108 111 106 84 113 103 85 86 87 95 88 89 116 119 115 117 99 90 93 94 98 102 96 97 100 101 104 105 109 112 114 120 122 
62 98 118 80 56 94 116 58 86 78 60 64 66 122 68 70 72 74 76 84 82 88 90 100 92 102 104 96 106 108 110 112 114 120 124 
89 33 37 41 45 133 49 97 121 85 73 101 53 77 65 109 57 61 69 81 117 93 129 105 113 125 137 141 
50 44 36 38 40 48 54 64 82 70 42 46 72 52 56 58 60 74 62 66 68 76 78 80 
74 72 99 83 66 60 71 61 62 63 64 69 65 67 87 68 97 70 93 81 95 82 73 98 79 96 100 75 76 77 78 80 101 88 84 85 86 89 92 90 91 94 102 103 
48 105 126 153 93 156 75 51 54 57 60 123 90 81 150 63 66 69 141 108 72 78 132 84 87 96 99 102 135 111 114 117 120 129 138 144 147 159 162 
87 159 115 95 147 107 79 163 83 131 99 143 167 91 103 111 119 123 127 135 139 151 155 
37 26 29 42 44 33 22 23 30 41 40 50 32 47 24 39 25 27 28 31 34 35 36 38 48 45 43 46 49 
114 69 59 74 134 129 104 99 64 79 84 124 89 144 94 139 109 119 149 154 
92 97 217 287 262 187 222 312 282 102 107 112 202 117 167 207 122 292 237 142 127 247 132 257 267 137 242 147 152 157 162 172 177 197 192 182 212 227 232 252 272 277 297 302 307 
60 92 104 78 66 76 56 58 96 62 68 64 90 86 70 84 94 72 82 74 88 80 98 100 102 
67 69 127 93 115 89 71 79 109 85 73 75 121 111 101 113 77 81 83 117 125 87 131 91 103 97 139 119 95 133 99 141 105 107 123 129 135 137 143 
121 93 173 117 133 177 97 185 109 101 149 145 113 105 125 129 137 157 161 141 153 165 169 181 
55 127 95 83 79 119 143 75 59 63 67 111 71 87 91 99 103 107 115 123 131 135 151 139 147 
38 39 40 41 46 54 57 44 59 42 43 53 58 47 45 48 49 50 51 52 55 56 60 
188 194 104 164 86 83 161 74 77 80 89 140 110 95 92 98 122 101 107 113 116 119 191 134 149 125 170 128 167 131 137 173 143 182 146 152 155 158 176 179 185 
90 205 140 165 95 100 170 255 185 105 280 210 110 115 120 125 155 235 130 240 190 245 135 200 145 150 160 270 175 180 195 215 265 220 275 225 230 250 260 
